
Graph 4
Run 9 iterations 
SimRank:
array([[1.        , 0.34835657, 0.3366135 , 0.3413967 , 0.32489603,
        0.27844283, 0.40435057],
       [0.34835657, 1.        , 0.3958942 , 0.35773377, 0.4018244 ,
        0.44443357, 0.27103397],
       [0.3366135 , 0.3958942 , 1.        , 0.43967089, 0.37876683,
        0.44126043, 0.43808134],
       [0.3413967 , 0.35773377, 0.43967089, 1.        , 0.32974784,
        0.52760932, 0.52760932],
       [0.32489603, 0.4018244 , 0.37876683, 0.32974784, 1.        ,
        0.40142199, 0.2580737 ],
       [0.27844283, 0.44443357, 0.44126043, 0.52760932, 0.40142199,
        1.        , 0.25521864],
       [0.40435057, 0.27103397, 0.43808134, 0.52760932, 0.2580737 ,
        0.25521864, 1.        ]])
